28
0 1956 7415 8764 5258 3010 9530 3046 3834 7835 3497 2955 4966 10118 10930 3376 2183 10867 3581 4212 5089 5461 6442 3112 6293 8632 4191 1720
1956 0 7785 9134 5628 2726 9900 3416 3550 8205 3213 3325 4682 10488 11300 3092 1899 11237 3951 4582 4805 5831 6812 2828 6663 9002 3907 2090
7415 7785 0 2377 3799 8839 3143 4857 9663 1448 9326 6442 10795 3731 4543 9205 8012 4480 4686 4307 10918 2746 2003 8941 1290 2245 10020 6307
8764 9134 2377 0 5148 10188 1076 6206 11012 1321 10675 7791 12144 1664 2476 10554 9361 2413 6035 5656 12267 4095 3352 10290 2639 992 11369 7656
5258 5628 3799 5148 0 6682 5914 2700 7506 4219 7169 4285 8638 6502 7314 7048 5855 7251 2529 2150 8761 1845 2826 6784 2677 5016 7863 4150
3010 2726 8839 10188 6682 0 10954 4470 1270 9259 1389 4379 2402 11542 12354 1532 2145 12291 5005 5636 2525 6885 7866 1538 7717 10056 1627 3144
9530 9900 3143 1076 5914 10954 0 6972 11778 2087 11441 8557 12910 1616 2428 11320 10127 2365 6801 6422 13033 4861 4118 11056 3405 1758 12135 8422
3046 3416 4857 6206 2700 4470 6972 0 5294 5277 4957 2073 6426 7560 8372 4836 3643 8309 1023 1654 6549 2903 3884 4572 3735 6074 5651 1938
3834 3550 9663 11012 7506 1270 11778 5294 0 10083 2213 5203 1750 12366 13178 2356 2969 13115 5829 6460 1873 7709 8690 2362 8541 10880 975 3968
7835 8205 1448 1321 4219 9259 2087 5277 10083 0 9746 6862 11215 2675 3487 9625 8432 3424 5106 4727 11338 3166 2423 9361 1710 1189 10440 6727
3497 3213 9326 10675 7169 1389 11441 4957 2213 9746 0 4866 3345 12029 12841 2019 2632 12778 5492 6123 3468 7372 8353 2025 8204 10543 2570 3631
2955 3325 6442 7791 4285 4379 8557 2073 5203 6862 4866 0 6335 9145 9957 4745 3552 9894 2608 3239 6458 4488 5469 4481 5320 7659 5560 1847
4966 4682 10795 12144 8638 2402 12910 6426 1750 11215 3345 6335 0 13498 14310 3488 4101 14247 6961 7592 1517 8841 9822 3494 9673 12012 1181 5100
10118 10488 3731 1664 6502 11542 1616 7560 12366 2675 12029 9145 13498 0 2084 11908 10715 2021 7389 7010 13621 5449 4706 11644 3993 2346 12723 9010
10930 11300 4543 2476 7314 12354 2428 8372 13178 3487 12841 9957 14310 2084 0 12720 11527 1933 8201 7822 14433 6261 5518 12456 4805 3158 13535 9822
3376 3092 9205 10554 7048 1532 11320 4836 2356 9625 2019 4745 3488 11908 12720 0 2511 12657 5371 6002 3611 7251 8232 1904 8083 10422 2713 3510
2183 1899 8012 9361 5855 2145 10127 3643 2969 8432 2632 3552 4101 10715 11527 2511 0 11464 4178 4809 4224 6058 7039 2247 6890 9229 3326 2317
10867 11237 4480 2413 7251 12291 2365 8309 13115 3424 12778 9894 14247 2021 1933 12657 11464 0 8138 7759 14370 6198 5455 12393 4742 3095 13472 9759
3581 3951 4686 6035 2529 5005 6801 1023 5829 5106 5492 2608 6961 7389 8201 5371 4178 8138 0 1483 7084 2732 3713 5107 3564 5903 6186 2473
4212 4582 4307 5656 2150 5636 6422 1654 6460 4727 6123 3239 7592 7010 7822 6002 4809 7759 1483 0 7715 2353 3334 5738 3185 5524 6817 3104
5089 4805 10918 12267 8761 2525 13033 6549 1873 11338 3468 6458 1517 13621 14433 3611 4224 14370 7084 7715 0 8964 9945 3617 9796 12135 1304 5223
5461 5831 2746 4095 1845 6885 4861 2903 7709 3166 7372 4488 8841 5449 6261 7251 6058 6198 2732 2353 8964 0 1773 6987 1624 3963 8066 4353
6442 6812 2003 3352 2826 7866 4118 3884 8690 2423 8353 5469 9822 4706 5518 8232 7039 5455 3713 3334 9945 1773 0 7968 881 3220 9047 5334
3112 2828 8941 10290 6784 1538 11056 4572 2362 9361 2025 4481 3494 11644 12456 1904 2247 12393 5107 5738 3617 6987 7968 0 7819 10158 2719 3246
6293 6663 1290 2639 2677 7717 3405 3735 8541 1710 8204 5320 9673 3993 4805 8083 6890 4742 3564 3185 9796 1624 881 7819 0 2507 8898 5185
8632 9002 2245 992 5016 10056 1758 6074 10880 1189 10543 7659 12012 2346 3158 10422 9229 3095 5903 5524 12135 3963 3220 10158 2507 0 11237 7524
4191 3907 10020 11369 7863 1627 12135 5651 975 10440 2570 5560 1181 12723 13535 2713 3326 13472 6186 6817 1304 8066 9047 2719 8898 11237 0 4325
1720 2090 6307 7656 4150 3144 8422 1938 3968 6727 3631 1847 5100 9010 9822 3510 2317 9759 2473 3104 5223 4353 5334 3246 5185 7524 4325 0
